<?xml version="1.0" encoding="UTF-8" standalone="no"?>
<!DOCTYPE svg PUBLIC "-//W3C//DTD SVG 20010904//EN"
              "http://www.w3.org/TR/2001/REC-SVG-20010904/DTD/svg10.dtd">

<svg xmlns="http://www.w3.org/2000/svg"
     width="1.38889in" height="1.38889in"
     viewBox="0 0 100 100">
  <path id="Selection #1"
        fill="none" stroke="black" stroke-width="1"
        d="M 16.00,74.00
           C 15.91,55.30 17.60,48.01 21.20,30.00
             22.73,22.33 24.48,10.59 32.02,6.83
             37.26,3.77 39.52,6.98 49.00,6.83
             49.00,6.83 57.00,6.83 57.00,6.83
             61.39,6.03 63.81,3.81 68.98,6.83
             75.42,10.99 77.31,22.07 78.88,29.00
             81.90,42.29 84.14,56.40 84.91,70.00
             85.55,81.29 80.83,86.43 80.00,91.00
             80.00,91.00 75.00,91.00 75.00,91.00
             74.59,88.18 67.22,72.35 65.36,70.15
             64.33,68.92 63.46,68.19 61.96,67.60
             59.55,66.66 47.34,66.96 44.00,67.00
             41.75,67.03 39.22,66.99 37.21,68.17
             33.59,70.31 26.65,86.49 25.00,91.00
             25.00,91.00 20.00,91.00 20.00,91.00
             18.68,84.11 16.06,85.78 16.00,74.00 Z
           M 51.40,19.41
           C 56.21,14.43 47.70,8.86 47.79,17.02
             47.79,17.02 47.79,21.00 47.79,21.00
             49.35,20.57 50.29,20.55 51.40,19.41 Z
           M 67.00,17.00
           C 67.00,17.00 67.00,22.00 67.00,22.00
             67.00,22.00 69.00,22.00 69.00,22.00
             69.00,22.00 70.00,21.00 70.00,21.00
             70.00,21.00 69.00,17.00 69.00,17.00
             69.00,17.00 67.00,17.00 67.00,17.00 Z
           M 34.40,31.71
           C 39.67,25.02 28.26,19.25 29.78,30.00
             29.98,31.39 30.54,32.69 31.00,34.00
             32.42,33.27 33.30,33.09 34.40,31.71 Z
           M 62.00,31.00
           C 64.48,28.39 64.45,28.57 64.00,25.00
             61.60,27.61 61.70,27.46 62.00,31.00 Z
           M 70.00,27.00
           C 70.00,27.00 74.00,31.00 74.00,31.00
             74.00,31.00 74.00,27.00 74.00,27.00
             74.00,27.00 70.00,27.00 70.00,27.00 Z
           M 66.00,34.00
           C 66.00,34.00 69.00,39.00 69.00,39.00
             69.00,39.00 69.00,34.00 69.00,34.00
             69.00,34.00 66.00,34.00 66.00,34.00 Z
           M 40.00,41.00
           C 40.00,41.00 40.00,46.00 40.00,46.00
             40.00,46.00 36.00,46.00 36.00,46.00
             36.00,46.00 36.00,51.00 36.00,51.00
             36.00,51.00 39.00,51.00 39.00,51.00
             39.00,51.00 39.00,57.00 39.00,57.00
             41.51,55.16 41.43,55.02 42.82,52.24
             45.79,46.31 43.12,48.16 42.00,41.00
             42.00,41.00 40.00,41.00 40.00,41.00 Z
           M 55.23,46.00
           C 55.14,51.16 59.04,54.06 61.40,52.26
             62.66,51.30 66.23,41.85 56.00,41.00
             56.00,41.00 55.23,46.00 55.23,46.00 Z" />
</svg>
